13070140
27100230
10478179
11279052
18541290
5643012
10308593
14841512
61358611
3946019
3229357
3965783
8902930
14393271
5137692
30157605
9756953
14358411
14675516
9561933
8899304
44049249
35676539
16769963
6305979
10133674
26461394
16226276
19920473
10960568
13150161
12363716
8920686
8036494
27672078
12074122
13689836
18417398
17409616
36920672
15050168
6350656
16517664
3625332
24426551
16200783
13640967
19632345
28695303
12729641
6778758
17913171
9159780
7395567
41331041
16481134
13749454
13356049
10293879
9315659
22184312
11778099
3148839
18817734
27419339
20512952
18725487
25906433
17615739
14621657
