1038589
3798710
1636592
688920
1374933
645501
1714168
5164498
3036604
1722983
2069541
1709927
1007251
935086
1441800
5305018
4222315
2613774
1945870
1477694
1729487
2470225
1638158
1105280
1174758
2662047
245482
80509
1501471
1971718
-625787
636461
4205125
-1965739
789836
2465213
3913634
4410303
771597
-1167210
5713688
3889631
3203072
1031568
3590679
1564394
1465052
2618279
648156
2112323
-481233
9044920
-464849
1143138
1942421
1132042
4146281
3878212
578030
3137947
320728
1584947
1269815
2777105
-8151858
7122466
1318861
6183787
198035
763408
